25 0 1 0 2 0 3 0 4 0 5 0 6 0 7 0 8 0 9 0 10 0 11 0 12 0 13 0 14 0 15 0 16 0 17 0 18 0 19 0 20 0 21 0 22 0 23 0 24
25 0 1 0 2 0 3 0 4 0 5 0 6 0 7 0 8 0 9 0 10 0 11 1 12 1 13 1 14 1 15 1 16 1 17 1 18 1 19 1 20 1 21 1 22 1 23 1 24
25 0 1 0 2 0 3 1 4 1 5 1 6 1 7 1 8 1 9 1 10 1 11 1 12 1 13 1 14 1 15 1 16 1 17 1 18 1 19 1 20 1 21 1 22 1 23 1 24
25 0 1 0 2 0 3 0 4 0 5 0 6 1 7 1 8 1 9 1 10 1 11 1 12 1 13 1 14 1 15 1 16 1 17 1 18 1 19 1 20 1 21 1 22 1 23 1 24
25 0 1 1 2 0 3 1 4 1 5 1 6 1 7 1 8 1 9 1 10 1 11 1 12 1 13 1 14 1 15 1 16 1 17 1 18 2 19 2 20 2 21 2 22 2 23 2 24
25 0 1 1 2 0 3 0 4 0 5 0 6 1 7 1 8 1 9 1 10 1 11 1 12 2 13 2 14 2 15 2 16 2 17 2 18 2 19 2 20 2 21 2 22 2 23 2 24
25 0 1 1 2 0 3 0 4 0 5 0 6 0 7 0 8 0 9 1 10 2 11 2 12 2 13 2 14 2 15 2 16 2 17 2 18 2 19 2 20 2 21 2 22 2 23 2 24
25 0 1 1 2 2 3 0 4 0 5 0 6 1 7 1 8 1 9 1 10 1 11 1 12 1 13 2 14 2 15 2 16 2 17 2 18 2 19 2 20 3 21 3 22 3 23 3 24
25 0 1 1 2 2 3 0 4 0 5 0 6 1 7 1 8 1 9 1 10 1 11 1 12 1 13 1 14 1 15 1 16 1 17 2 18 2 19 2 20 3 21 3 22 3 23 3 24
25 0 1 1 2 2 3 0 4 0 5 0 6 0 7 0 8 0 9 2 10 2 11 2 12 2 13 2 14 2 15 2 16 3 17 3 18 3 19 3 20 3 21 3 22 3 23 3 24
25 0 1 1 2 2 3 3 4 0 5 0 6 1 7 1 8 2 9 3 10 3 11 3 12 3 13 3 14 3 15 3 16 3 17 3 18 3 19 3 20 4 21 4 22 4 23 4 24
25 0 1 1 2 2 3 3 4 0 5 0 6 0 7 0 8 0 9 2 10 2 11 2 12 2 13 2 14 2 15 2 16 4 17 4 18 4 19 4 20 4 21 4 22 4 23 4 24
25 0 1 1 2 2 3 3 4 0 5 1 6 1 7 1 8 1 9 1 10 2 11 2 12 2 13 2 14 2 15 2 16 2 17 2 18 2 19 2 20 2 21 2 22 4 23 4 24
25 0 1 1 2 2 3 3 4 4 5 0 6 1 7 2 8 2 9 2 10 5 11 5 12 5 13 5 14 5 15 5 16 5 17 5 18 5 19 5 20 5 21 5 22 5 23 5 24
25 0 1 1 2 2 3 3 4 4 5 0 6 0 7 1 8 1 9 1 10 1 11 2 12 2 13 3 14 3 15 3 16 3 17 4 18 5 19 5 20 5 21 5 22 5 23 5 24
25 0 1 1 2 2 3 3 4 4 5 0 6 2 7 2 8 2 9 4 10 4 11 4 12 4 13 5 14 5 15 5 16 5 17 5 18 5 19 5 20 5 21 5 22 5 23 5 24
25 0 1 1 2 2 3 3 4 4 5 5 6 0 7 0 8 1 9 1 10 1 11 2 12 2 13 3 14 3 15 3 16 3 17 5 18 6 19 6 20 6 21 6 22 6 23 6 24
25 0 1 1 2 2 3 3 4 4 5 5 6 0 7 0 8 0 9 3 10 3 11 3 12 3 13 5 14 5 15 5 16 5 17 5 18 5 19 6 20 6 21 6 22 6 23 6 24
25 0 1 1 2 2 3 3 4 4 5 5 6 0 7 4 8 4 9 4 10 4 11 4 12 4 13 4 14 4 15 4 16 4 17 4 18 4 19 6 20 6 21 6 22 6 23 6 24
25 0 1 1 2 2 3 3 4 4 5 5 6 6 7 0 8 0 9 1 10 2 11 2 12 3 13 3 14 4 15 4 16 5 17 5 18 5 19 5 20 6 21 7 22 7 23 7 24
25 0 1 1 2 2 3 3 4 4 5 5 6 6 7 0 8 1 9 1 10 1 11 2 12 4 13 4 14 4 15 6 16 6 17 6 18 7 19 7 20 7 21 7 22 7 23 7 24
25 0 1 1 2 2 3 3 4 4 5 5 6 6 7 0 8 1 9 1 10 2 11 2 12 3 13 4 14 6 15 6 16 6 17 6 18 7 19 7 20 7 21 7 22 7 23 7 24
25 0 1 1 2 2 3 3 4 4 5 5 6 6 7 7 8 0 9 0 10 0 11 0 12 2 13 4 14 7 15 8 16 8 17 8 18 8 19 8 20 8 21 8 22 8 23 8 24
25 0 1 1 2 2 3 3 4 4 5 5 6 6 7 7 8 0 9 2 10 2 11 2 12 4 13 4 14 5 15 5 16 5 17 5 18 6 19 7 20 7 21 8 22 8 23 8 24
25 0 1 1 2 2 3 3 4 4 5 5 6 6 7 7 8 0 9 1 10 1 11 1 12 2 13 2 14 2 15 6 16 7 17 7 18 7 19 7 20 7 21 7 22 8 23 8 24
25 0 1 1 2 2 3 3 4 4 5 5 6 6 7 7 8 8 9 0 10 4 11 4 12 4 13 4 14 4 15 4 16 5 17 5 18 6 19 6 20 8 21 8 22 9 23 9 24
25 0 1 1 2 2 3 3 4 4 5 5 6 6 7 7 8 8 9 0 10 4 11 4 12 4 13 5 14 9 15 9 16 9 17 9 18 9 19 9 20 9 21 9 22 9 23 9 24
25 0 1 1 2 2 3 3 4 4 5 5 6 6 7 7 8 8 9 0 10 4 11 4 12 4 13 4 14 6 15 6 16 8 17 8 18 8 19 8 20 9 21 9 22 9 23 9 24
25 0 1 1 2 2 3 3 4 4 5 5 6 6 7 7 8 8 9 9 10 0 11 0 12 1 13 2 14 3 15 3 16 5 17 9 18 10 19 10 20 10 21 10 22 10 23 10 24
25 0 1 1 2 2 3 3 4 4 5 5 6 6 7 7 8 8 9 9 10 0 11 5 12 5 13 5 14 6 15 6 16 6 17 6 18 7 19 7 20 7 21 8 22 8 23 10 24
25 0 1 1 2 2 3 3 4 4 5 5 6 6 7 7 8 8 9 9 10 0 11 1 12 1 13 2 14 2 15 4 16 4 17 4 18 4 19 6 20 6 21 10 22 10 23 10 24
25 0 1 1 2 2 3 3 4 4 5 5 6 6 7 7 8 8 9 9 10 10 11 0 12 2 13 2 14 7 15 7 16 9 17 9 18 9 19 9 20 10 21 11 22 11 23 11 24
25 0 1 1 2 2 3 3 4 4 5 5 6 6 7 7 8 8 9 9 10 10 11 0 12 1 13 1 14 5 15 6 16 9 17 9 18 9 19 11 20 11 21 11 22 11 23 11 24
25 0 1 1 2 2 3 3 4 4 5 5 6 6 7 7 8 8 9 9 10 10 11 0 12 4 13 6 14 6 15 6 16 6 17 6 18 7 19 7 20 8 21 9 22 11 23 11 24
25 0 1 1 2 2 3 3 4 4 5 5 6 6 7 7 8 8 9 9 10 10 11 11 12 0 13 0 14 3 15 4 16 7 17 9 18 10 19 12 20 12 21 12 22 12 23 12 24
25 0 1 1 2 2 3 3 4 4 5 5 6 6 7 7 8 8 9 9 10 10 11 11 12 0 13 2 14 3 15 5 16 5 17 5 18 5 19 5 20 8 21 10 22 10 23 12 24
25 0 1 1 2 2 3 3 4 4 5 5 6 6 7 7 8 8 9 9 10 10 11 11 12 0 13 1 14 1 15 4 16 6 17 9 18 10 19 10 20 11 21 11 22 11 23 12 24
25 0 1 1 2 2 3 3 4 4 5 5 6 6 7 7 8 8 9 9 10 10 11 11 12 12 13 0 14 0 15 0 16 4 17 4 18 7 19 10 20 12 21 13 22 13 23 13 24
25 0 1 1 2 2 3 3 4 4 5 5 6 6 7 7 8 8 9 9 10 10 11 11 12 12 13 0 14 2 15 2 16 4 17 4 18 7 19 8 20 8 21 8 22 12 23 13 24
25 0 1 1 2 2 3 3 4 4 5 5 6 6 7 7 8 8 9 9 10 10 11 11 12 12 13 0 14 1 15 7 16 9 17 10 18 11 19 11 20 11 21 12 22 12 23 13 24
25 0 1 1 2 2 3 3 4 4 5 5 6 6 7 7 8 8 9 9 10 10 11 11 12 12 13 13 14 0 15 3 16 3 17 7 18 7 19 7 20 8 21 10 22 12 23 14 24
25 0 1 1 2 2 3 3 4 4 5 5 6 6 7 7 8 8 9 9 10 10 11 11 12 12 13 13 14 0 15 2 16 3 17 3 18 9 19 11 20 11 21 12 22 13 23 14 24
25 0 1 1 2 2 3 3 4 4 5 5 6 6 7 7 8 8 9 9 10 10 11 11 12 12 13 13 14 0 15 3 16 3 17 7 18 10 19 10 20 14 21 14 22 14 23 14 24
25 0 1 1 2 2 3 3 4 4 5 5 6 6 7 7 8 8 9 9 10 10 11 11 12 12 13 13 14 14 15 0 16 4 17 4 18 5 19 7 20 7 21 13 22 13 23 15 24
25 0 1 1 2 2 3 3 4 4 5 5 6 6 7 7 8 8 9 9 10 10 11 11 12 12 13 13 14 14 15 0 16 2 17 2 18 3 19 5 20 6 21 10 22 15 23 15 24
25 0 1 1 2 2 3 3 4 4 5 5 6 6 7 7 8 8 9 9 10 10 11 11 12 12 13 13 14 14 15 0 16 3 17 4 18 7 19 8 20 13 21 15 22 15 23 15 24
25 0 1 1 2 2 3 3 4 4 5 5 6 6 7 7 8 8 9 9 10 10 11 11 12 12 13 13 14 14 15 15 16 0 17 9 18 9 19 13 20 14 21 14 22 16 23 16 24
25 0 1 1 2 2 3 3 4 4 5 5 6 6 7 7 8 8 9 9 10 10 11 11 12 12 13 13 14 14 15 15 16 0 17 2 18 3 19 9 20 14 21 14 22 16 23 16 24
25 0 1 1 2 2 3 3 4 4 5 5 6 6 7 7 8 8 9 9 10 10 11 11 12 12 13 13 14 14 15 15 16 0 17 0 18 4 19 5 20 7 21 14 22 16 23 16 24
25 0 1 1 2 2 3 3 4 4 5 5 6 6 7 7 8 8 9 9 10 10 11 11 12 12 13 13 14 14 15 15 16 16 17 0 18 2 19 4 20 12 21 15 22 17 23 17 24
25 0 1 1 2 2 3 3 4 4 5 5 6 6 7 7 8 8 9 9 10 10 11 11 12 12 13 13 14 14 15 15 16 16 17 0 18 8 19 9 20 13 21 16 22 17 23 17 24
25 0 1 1 2 2 3 3 4 4 5 5 6 6 7 7 8 8 9 9 10 10 11 11 12 12 13 13 14 14 15 15 16 16 17 0 18 6 19 12 20 17 21 17 22 17 23 17 24
25 0 1 1 2 2 3 3 4 4 5 5 6 6 7 7 8 8 9 9 10 10 11 11 12 12 13 13 14 14 15 15 16 16 17 17 18 0 19 3 20 16 21 16 22 18 23 18 24
25 0 1 1 2 2 3 3 4 4 5 5 6 6 7 7 8 8 9 9 10 10 11 11 12 12 13 13 14 14 15 15 16 16 17 17 18 0 19 3 20 3 21 8 22 16 23 18 24
25 0 1 1 2 2 3 3 4 4 5 5 6 6 7 7 8 8 9 9 10 10 11 11 12 12 13 13 14 14 15 15 16 16 17 17 18 0 19 1 20 4 21 9 22 18 23 18 24
25 0 1 1 2 2 3 3 4 4 5 5 6 6 7 7 8 8 9 9 10 10 11 11 12 12 13 13 14 14 15 15 16 16 17 17 18 18 19 0 20 8 21 14 22 15 23 19 24
25 0 1 1 2 2 3 3 4 4 5 5 6 6 7 7 8 8 9 9 10 10 11 11 12 12 13 13 14 14 15 15 16 16 17 17 18 18 19 0 20 11 21 17 22 19 23 19 24
25 0 1 1 2 2 3 3 4 4 5 5 6 6 7 7 8 8 9 9 10 10 11 11 12 12 13 13 14 14 15 15 16 16 17 17 18 18 19 0 20 0 21 19 22 19 23 19 24
25 0 1 1 2 2 3 3 4 4 5 5 6 6 7 7 8 8 9 9 10 10 11 11 12 12 13 13 14 14 15 15 16 16 17 17 18 18 19 19 20 0 21 12 22 14 23 20 24
25 0 1 1 2 2 3 3 4 4 5 5 6 6 7 7 8 8 9 9 10 10 11 11 12 12 13 13 14 14 15 15 16 16 17 17 18 18 19 19 20 0 21 3 22 17 23 20 24
25 0 1 1 2 2 3 3 4 4 5 5 6 6 7 7 8 8 9 9 10 10 11 11 12 12 13 13 14 14 15 15 16 16 17 17 18 18 19 19 20 0 21 7 22 13 23 20 24
25 0 1 1 2 2 3 3 4 4 5 5 6 6 7 7 8 8 9 9 10 10 11 11 12 12 13 13 14 14 15 15 16 16 17 17 18 18 19 19 20 20 21 0 22 13 23 21 24
25 0 1 1 2 2 3 3 4 4 5 5 6 6 7 7 8 8 9 9 10 10 11 11 12 12 13 13 14 14 15 15 16 16 17 17 18 18 19 19 20 20 21 0 22 15 23 21 24
25 0 1 1 2 2 3 3 4 4 5 5 6 6 7 7 8 8 9 9 10 10 11 11 12 12 13 13 14 14 15 15 16 16 17 17 18 18 19 19 20 20 21 0 22 11 23 21 24
25 0 1 1 2 2 3 3 4 4 5 5 6 6 7 7 8 8 9 9 10 10 11 11 12 12 13 13 14 14 15 15 16 16 17 17 18 18 19 19 20 20 21 21 22 0 23 22 24
