25 0 1 1 2 1 3 1 4 1 5 1 6 1 7 1 8 1 9 1 10 0 11 11 12 11 13 11 14 11 15 0 16 16 17 16 18 16 19 16 20 0 21 21 22 0 23 23 24 G -1 0 -1 0 -1 0 -1 0 -1 0 -1 0 -1 0 -1 0 -1 0 -1 0 1 0 1 0 1 0 1 0 1 0 1 1 1 1 1 1 1 1 1 1 0 0 0 0 0 1 0 1
25 0 1 0 2 0 3 0 4 4 5 4 6 4 7 4 8 4 9 0 10 10 11 10 12 10 13 0 14 14 15 14 16 14 17 0 18 18 19 18 20 18 21 0 22 22 23 22 24 G -1 0 -1 0 -1 0 -1 0 -1 0 -1 0 -1 0 -1 0 -1 0 0 0 0 0 0 0 0 0 0 1 0 1 0 1 0 1 0 2 0 2 0 2 0 2 -1 0 -1 0 -1 0
25 0 1 0 2 0 3 0 4 0 5 0 6 0 7 0 8 8 9 8 10 8 11 8 12 8 13 8 14 8 15 0 16 16 17 16 18 0 19 19 20 0 21 21 22 0 23 23 24 G -1 0 -1 0 -1 0 -1 0 -1 0 -1 0 -1 0 -1 0 -1 0 -1 0 -1 0 -1 0 -1 0 -1 0 -1 0 -1 0 -1 0 -1 0 0 0 0 0 0 1 0 1 0 2 0 2
25 0 1 1 2 1 3 1 4 1 5 1 6 0 7 7 8 7 9 7 10 0 11 11 12 11 13 11 14 0 15 15 16 15 17 15 18 0 19 19 20 0 21 21 22 0 23 23 24 G -1 0 -1 0 -1 0 -1 0 -1 0 -1 0 1 0 1 0 1 0 1 0 1 1 1 1 1 1 1 1 1 2 1 2 1 2 1 2 0 0 0 0 0 1 0 1 0 2 0 2
25 0 1 1 2 2 3 3 4 4 5 5 6 6 7 7 8 8 9 9 10 10 11 11 12 12 13 0 14 14 15 15 16 16 17 17 18 0 19 19 20 20 21 21 22 22 23 0 24 G -1 0 -1 0 -1 0 -1 0 -1 0 -1 0 -1 0 -1 0 -1 0 -1 0 -1 0 -1 0 -1 0 0 0 0 0 0 0 0 0 0 0 0 1 0 1 0 1 0 1 0 1 -1 0
25 0 1 1 2 2 3 3 4 4 5 5 6 6 7 7 8 8 9 9 10 10 11 11 12 0 13 13 14 14 15 15 16 16 17 17 18 0 19 19 20 20 21 21 22 22 23 0 24 G -1 0 -1 0 -1 0 -1 0 -1 0 -1 0 -1 0 -1 0 -1 0 -1 0 -1 0 -1 0 -1 0 -1 0 -1 0 -1 0 -1 0 -1 0 -1 0 -1 0 -1 0 -1 0 -1 0 -1 0
25 0 1 1 2 2 3 3 4 0 5 5 6 0 7 7 8 0 9 9 10 0 11 11 12 0 13 13 14 0 15 15 16 0 17 17 18 0 19 19 20 0 21 21 22 0 23 23 24 G -1 0 -1 0 -1 0 -1 0 0 0 0 0 0 1 0 1 0 2 0 2 0 3 0 3 0 4 0 4 0 5 0 5 0 6 0 6 0 7 0 7 0 8 0 8 0 9 0 9
25 0 1 1 2 2 3 3 4 4 5 5 6 6 7 7 8 8 9 0 10 10 11 11 12 12 13 13 14 0 15 15 16 16 17 17 18 18 19 0 20 20 21 21 22 0 23 0 24 G -1 0 -1 0 -1 0 -1 0 -1 0 -1 0 -1 0 -1 0 -1 0 0 0 0 0 0 0 0 0 0 0 0 1 0 1 0 1 0 1 0 1 -1 0 -1 0 -1 0 -1 0 -1 0
25 0 1 1 2 2 3 3 4 0 5 1 6 1 7 1 8 1 9 1 10 2 11 3 12 3 13 3 14 3 15 3 16 3 17 3 18 4 19 4 20 4 21 4 22 4 23 4 24
25 0 1 1 2 2 3 3 4 0 5 0 6 1 7 1 8 1 9 1 10 1 11 2 12 2 13 2 14 3 15 4 16 4 17 4 18 4 19 4 20 4 21 4 22 4 23 4 24
25 0 1 1 2 2 3 3 4 0 5 0 6 0 7 1 8 1 9 1 10 1 11 1 12 1 13 1 14 3 15 3 16 3 17 3 18 3 19 4 20 4 21 4 22 4 23 4 24
25 0 1 1 2 2 3 3 4 0 5 0 6 0 7 0 8 0 9 1 10 1 11 1 12 1 13 1 14 1 15 3 16 4 17 4 18 4 19 4 20 4 21 4 22 4 23 4 24
